run_id	runseed	popseed	t	component	centrality	density	EffectiveSize	deg_cent
xCoEDfL9	1	2	0	0		0.0026	0.0226	12.3610	0.022646836147369766
xCoEDfL9	1	2	0	1		0.3333	0.6667	1.3333	0.6666666666666666
xCoEDfL9	1	2	0	2		0.0000	1.0000	1.0000	1.0
xCoEDfL9	1	2	0	3		0.0000	1.0000	1.0000	1.0
xCoEDfL9	1	2	0	4		0.0000	1.0000	1.0000	1.0
xCoEDfL9	1	2	0	5		0.0000	1.0000	1.0000	1.0
xCoEDfL9	1	2	0	6		0.0000	1.0000	1.0000	1.0
xCoEDfL9	1	2	0	7		0.0000	0.0000	nan	1.0
xCoEDfL9	1	2	0	8		0.0000	0.0000	nan	1.0
xCoEDfL9	1	2	0	9		0.0000	0.0000	nan	1.0
xCoEDfL9	1	2	0	10		0.0000	0.0000	nan	1.0
xCoEDfL9	1	2	0	11		0.0000	0.0000	nan	1.0
xCoEDfL9	1	2	0	12		0.0000	0.0000	nan	1.0
xCoEDfL9	1	2	0	13		0.0000	0.0000	nan	1.0
xCoEDfL9	1	2	0	14		0.0000	0.0000	nan	1.0
xCoEDfL9	1	2	0	15		0.0000	0.0000	nan	1.0
xCoEDfL9	1	2	0	16		0.0000	0.0000	nan	1.0
xCoEDfL9	1	2	0	17		0.0000	0.0000	nan	1.0
xCoEDfL9	1	2	0	18		0.0000	0.0000	nan	1.0
xCoEDfL9	1	2	0	19		0.0000	0.0000	nan	1.0
xCoEDfL9	1	2	0	20		0.0000	0.0000	nan	1.0
xCoEDfL9	1	2	0	21		0.0000	0.0000	nan	1.0
xCoEDfL9	1	2	0	22		0.0000	0.0000	nan	1.0
xCoEDfL9	1	2	0	23		0.0000	0.0000	nan	1.0
xCoEDfL9	1	2	0	24		0.0000	0.0000	nan	1.0
xCoEDfL9	1	2	0	25		0.0000	0.0000	nan	1.0
xCoEDfL9	1	2	0	26		0.0000	0.0000	nan	1.0
xCoEDfL9	1	2	0	27		0.0000	0.0000	nan	1.0
xCoEDfL9	1	2	0	28		0.0000	0.0000	nan	1.0
xCoEDfL9	1	2	0	29		0.0000	0.0000	nan	1.0
xCoEDfL9	1	2	0	30		0.0000	0.0000	nan	1.0
xCoEDfL9	1	2	0	31		0.0000	0.0000	nan	1.0
xCoEDfL9	1	2	0	32		0.0000	0.0000	nan	1.0
xCoEDfL9	1	2	0	33		0.0000	0.0000	nan	1.0
xCoEDfL9	1	2	0	34		0.0000	0.0000	nan	1.0
xCoEDfL9	1	2	0	35		0.0000	0.0000	nan	1.0
xCoEDfL9	1	2	0	36		0.0000	0.0000	nan	1.0
xCoEDfL9	1	2	0	37		0.0000	0.0000	nan	1.0
xCoEDfL9	1	2	0	38		0.0000	0.0000	nan	1.0
xCoEDfL9	1	2	0	39		0.0000	0.0000	nan	1.0
xCoEDfL9	1	2	0	40		0.0000	0.0000	nan	1.0
xCoEDfL9	1	2	0	41		0.0000	0.0000	nan	1.0
xCoEDfL9	1	2	0	42		0.0000	0.0000	nan	1.0
xCoEDfL9	1	2	0	43		0.0000	0.0000	nan	1.0
xCoEDfL9	1	2	0	44		0.0000	0.0000	nan	1.0
xCoEDfL9	1	2	0	45		0.0000	0.0000	nan	1.0
xCoEDfL9	1	2	0	46		0.0000	0.0000	nan	1.0
xCoEDfL9	1	2	0	47		0.0000	0.0000	nan	1.0
xCoEDfL9	1	2	0	48		0.0000	0.0000	nan	1.0
xCoEDfL9	1	2	0	49		0.0000	0.0000	nan	1.0
xCoEDfL9	1	2	0	50		0.0000	0.0000	nan	1.0
xCoEDfL9	1	2	0	51		0.0000	0.0000	nan	1.0
xCoEDfL9	1	2	0	52		0.0000	0.0000	nan	1.0
xCoEDfL9	1	2	0	53		0.0000	0.0000	nan	1.0
xCoEDfL9	1	2	0	54		0.0000	0.0000	nan	1.0
xCoEDfL9	1	2	0	55		0.0000	0.0000	nan	1.0
xCoEDfL9	1	2	0	56		0.0000	0.0000	nan	1.0
xCoEDfL9	1	2	10	0		0.0030	0.0426	16.5481	0.042624445889678786
xCoEDfL9	1	2	10	1		0.3333	0.3333	1.6667	0.3333333333333333
xCoEDfL9	1	2	10	2		0.3333	0.6667	1.3333	0.6666666666666666
xCoEDfL9	1	2	10	3		0.3333	0.6667	1.3333	0.6666666666666666
xCoEDfL9	1	2	10	4		0.3333	0.6667	1.3333	0.6666666666666666
xCoEDfL9	1	2	10	5		0.3333	0.6667	1.3333	0.6666666666666666
xCoEDfL9	1	2	10	6		0.3333	0.6667	1.3333	0.6666666666666666
xCoEDfL9	1	2	10	7		0.3333	0.6667	1.3333	0.6666666666666666
xCoEDfL9	1	2	10	8		0.0000	1.0000	1.0000	1.0
xCoEDfL9	1	2	10	9		0.0000	1.0000	1.0000	1.0
xCoEDfL9	1	2	10	10		0.0000	1.0000	1.0000	1.0
xCoEDfL9	1	2	10	11		0.0000	1.0000	1.0000	1.0
xCoEDfL9	1	2	10	12		0.0000	1.0000	1.0000	1.0
xCoEDfL9	1	2	10	13		0.0000	1.0000	1.0000	1.0
xCoEDfL9	1	2	10	14		0.0000	1.0000	1.0000	1.0
xCoEDfL9	1	2	10	15		0.0000	1.0000	1.0000	1.0
xCoEDfL9	1	2	10	16		0.0000	1.0000	1.0000	1.0
xCoEDfL9	1	2	10	17		0.0000	1.0000	1.0000	1.0
xCoEDfL9	1	2	10	18		0.0000	0.0000	nan	1.0
xCoEDfL9	1	2	10	19		0.0000	0.0000	nan	1.0
xCoEDfL9	1	2	10	20		0.0000	0.0000	nan	1.0
xCoEDfL9	1	2	10	21		0.0000	0.0000	nan	1.0
xCoEDfL9	1	2	10	22		0.0000	0.0000	nan	1.0
xCoEDfL9	1	2	10	23		0.0000	0.0000	nan	1.0
xCoEDfL9	1	2	10	24		0.0000	0.0000	nan	1.0
xCoEDfL9	1	2	10	25		0.0000	0.0000	nan	1.0
xCoEDfL9	1	2	10	26		0.0000	0.0000	nan	1.0
xCoEDfL9	1	2	10	27		0.0000	0.0000	nan	1.0
xCoEDfL9	1	2	10	28		0.0000	0.0000	nan	1.0
xCoEDfL9	1	2	10	29		0.0000	0.0000	nan	1.0
xCoEDfL9	1	2	10	30		0.0000	0.0000	nan	1.0
xCoEDfL9	1	2	10	31		0.0000	0.0000	nan	1.0
xCoEDfL9	1	2	10	32		0.0000	0.0000	nan	1.0
xCoEDfL9	1	2	10	33		0.0000	0.0000	nan	1.0
xCoEDfL9	1	2	10	34		0.0000	0.0000	nan	1.0
xCoEDfL9	1	2	10	35		0.0000	0.0000	nan	1.0
xCoEDfL9	1	2	10	36		0.0000	0.0000	nan	1.0
xCoEDfL9	1	2	10	37		0.0000	0.0000	nan	1.0
xCoEDfL9	1	2	10	38		0.0000	0.0000	nan	1.0
xCoEDfL9	1	2	10	39		0.0000	0.0000	nan	1.0
xCoEDfL9	1	2	10	40		0.0000	0.0000	nan	1.0
xCoEDfL9	1	2	10	41		0.0000	0.0000	nan	1.0
xCoEDfL9	1	2	10	42		0.0000	0.0000	nan	1.0
xCoEDfL9	1	2	10	43		0.0000	0.0000	nan	1.0
xCoEDfL9	1	2	10	44		0.0000	0.0000	nan	1.0
xCoEDfL9	1	2	10	45		0.0000	0.0000	nan	1.0
xCoEDfL9	1	2	10	46		0.0000	0.0000	nan	1.0
xCoEDfL9	1	2	10	47		0.0000	0.0000	nan	1.0
xCoEDfL9	1	2	10	48		0.0000	0.0000	nan	1.0
xCoEDfL9	1	2	10	49		0.0000	0.0000	nan	1.0
xCoEDfL9	1	2	10	50		0.0000	0.0000	nan	1.0
xCoEDfL9	1	2	10	51		0.0000	0.0000	nan	1.0
xCoEDfL9	1	2	10	52		0.0000	0.0000	nan	1.0
xCoEDfL9	1	2	10	53		0.0000	0.0000	nan	1.0
xCoEDfL9	1	2	10	54		0.0000	0.0000	nan	1.0
xCoEDfL9	1	2	10	55		0.0000	0.0000	nan	1.0
xCoEDfL9	1	2	10	56		0.0000	0.0000	nan	1.0
xCoEDfL9	1	2	10	57		0.0000	0.0000	nan	1.0
xCoEDfL9	1	2	10	58		0.0000	0.0000	nan	1.0
xCoEDfL9	1	2	10	59		0.0000	0.0000	nan	1.0
xCoEDfL9	1	2	10	60		0.0000	0.0000	nan	1.0
xCoEDfL9	1	2	10	61		0.0000	0.0000	nan	1.0
xCoEDfL9	1	2	10	62		0.0000	0.0000	nan	1.0
xCoEDfL9	1	2	10	63		0.0000	0.0000	nan	1.0
xCoEDfL9	1	2	10	64		0.0000	0.0000	nan	1.0
xCoEDfL9	1	2	10	65		0.0000	0.0000	nan	1.0
xCoEDfL9	1	2	10	66		0.0000	0.0000	nan	1.0
xCoEDfL9	1	2	10	67		0.0000	0.0000	nan	1.0
xCoEDfL9	1	2	10	68		0.0000	0.0000	nan	1.0
xCoEDfL9	1	2	10	69		0.0000	0.0000	nan	1.0
xCoEDfL9	1	2	10	70		0.0000	0.0000	nan	1.0
xCoEDfL9	1	2	10	71		0.0000	0.0000	nan	1.0
xCoEDfL9	1	2	10	72		0.0000	0.0000	nan	1.0
xCoEDfL9	1	2	10	73		0.0000	0.0000	nan	1.0
xCoEDfL9	1	2	10	74		0.0000	0.0000	nan	1.0
xCoEDfL9	1	2	10	75		0.0000	0.0000	nan	1.0
xCoEDfL9	1	2	10	76		0.0000	0.0000	nan	1.0
xCoEDfL9	1	2	10	77		0.0000	0.0000	nan	1.0
xCoEDfL9	1	2	10	78		0.0000	0.0000	nan	1.0
xCoEDfL9	1	2	10	79		0.0000	0.0000	nan	1.0
xCoEDfL9	1	2	10	80		0.0000	0.0000	nan	1.0
xCoEDfL9	1	2	10	81		0.0000	0.0000	nan	1.0
xCoEDfL9	1	2	10	82		0.0000	0.0000	nan	1.0
xCoEDfL9	1	2	10	83		0.0000	0.0000	nan	1.0
xCoEDfL9	1	2	10	84		0.0000	0.0000	nan	1.0
xCoEDfL9	1	2	10	85		0.0000	0.0000	nan	1.0
xCoEDfL9	1	2	10	86		0.0000	0.0000	nan	1.0
xCoEDfL9	1	2	10	87		0.0000	0.0000	nan	1.0
xCoEDfL9	1	2	10	88		0.0000	0.0000	nan	1.0
xCoEDfL9	1	2	10	89		0.0000	0.0000	nan	1.0
xCoEDfL9	1	2	10	90		0.0000	0.0000	nan	1.0
xCoEDfL9	1	2	10	91		0.0000	0.0000	nan	1.0
xCoEDfL9	1	2	10	92		0.0000	0.0000	nan	1.0
xCoEDfL9	1	2	10	93		0.0000	0.0000	nan	1.0
xCoEDfL9	1	2	10	94		0.0000	0.0000	nan	1.0
xCoEDfL9	1	2	10	95		0.0000	0.0000	nan	1.0
xCoEDfL9	1	2	10	96		0.0000	0.0000	nan	1.0
xCoEDfL9	1	2	10	97		0.0000	0.0000	nan	1.0
xCoEDfL9	1	2	10	98		0.0000	0.0000	nan	1.0
xCoEDfL9	1	2	10	99		0.0000	0.0000	nan	1.0
xCoEDfL9	1	2	10	100		0.0000	0.0000	nan	1.0
xCoEDfL9	1	2	10	101		0.0000	0.0000	nan	1.0
xCoEDfL9	1	2	10	102		0.0000	0.0000	nan	1.0
xCoEDfL9	1	2	10	103		0.0000	0.0000	nan	1.0
xCoEDfL9	1	2	10	104		0.0000	0.0000	nan	1.0
xCoEDfL9	1	2	10	105		0.0000	0.0000	nan	1.0
xCoEDfL9	1	2	10	106		0.0000	0.0000	nan	1.0
xCoEDfL9	1	2	10	107		0.0000	0.0000	nan	1.0
xCoEDfL9	1	2	10	108		0.0000	0.0000	nan	1.0
xCoEDfL9	1	2	10	109		0.0000	0.0000	nan	1.0
xCoEDfL9	1	2	10	110		0.0000	0.0000	nan	1.0
xCoEDfL9	1	2	10	111		0.0000	0.0000	nan	1.0
xCoEDfL9	1	2	10	112		0.0000	0.0000	nan	1.0
xCoEDfL9	1	2	10	113		0.0000	0.0000	nan	1.0
xCoEDfL9	1	2	10	114		0.0000	0.0000	nan	1.0
xCoEDfL9	1	2	10	115		0.0000	0.0000	nan	1.0
xCoEDfL9	1	2	10	116		0.0000	0.0000	nan	1.0
xCoEDfL9	1	2	10	117		0.0000	0.0000	nan	1.0
xCoEDfL9	1	2	10	118		0.0000	0.0000	nan	1.0
xCoEDfL9	1	2	10	119		0.0000	0.0000	nan	1.0
xCoEDfL9	1	2	10	120		0.0000	0.0000	nan	1.0
xCoEDfL9	1	2	10	121		0.0000	0.0000	nan	1.0
xCoEDfL9	1	2	10	122		0.0000	0.0000	nan	1.0
xCoEDfL9	1	2	10	123		0.0000	0.0000	nan	1.0
xCoEDfL9	1	2	10	124		0.0000	0.0000	nan	1.0
xCoEDfL9	1	2	10	125		0.0000	0.0000	nan	1.0
xCoEDfL9	1	2	10	126		0.0000	0.0000	nan	1.0
xCoEDfL9	1	2	10	127		0.0000	0.0000	nan	1.0
xCoEDfL9	1	2	10	128		0.0000	0.0000	nan	1.0
xCoEDfL9	1	2	10	129		0.0000	0.0000	nan	1.0
xCoEDfL9	1	2	10	130		0.0000	0.0000	nan	1.0
xCoEDfL9	1	2	10	131		0.0000	0.0000	nan	1.0
xCoEDfL9	1	2	10	132		0.0000	0.0000	nan	1.0
xCoEDfL9	1	2	10	133		0.0000	0.0000	nan	1.0
xCoEDfL9	1	2	10	134		0.0000	0.0000	nan	1.0
xCoEDfL9	1	2	10	135		0.0000	0.0000	nan	1.0
xCoEDfL9	1	2	10	136		0.0000	0.0000	nan	1.0
xCoEDfL9	1	2	10	137		0.0000	0.0000	nan	1.0
xCoEDfL9	1	2	10	138		0.0000	0.0000	nan	1.0
xCoEDfL9	1	2	10	139		0.0000	0.0000	nan	1.0
xCoEDfL9	1	2	10	140		0.0000	0.0000	nan	1.0
xCoEDfL9	1	2	10	141		0.0000	0.0000	nan	1.0
xCoEDfL9	1	2	10	142		0.0000	0.0000	nan	1.0
xCoEDfL9	1	2	10	143		0.0000	0.0000	nan	1.0
xCoEDfL9	1	2	10	144		0.0000	0.0000	nan	1.0
xCoEDfL9	1	2	10	145		0.0000	0.0000	nan	1.0
xCoEDfL9	1	2	10	146		0.0000	0.0000	nan	1.0
xCoEDfL9	1	2	10	147		0.0000	0.0000	nan	1.0
xCoEDfL9	1	2	10	148		0.0000	0.0000	nan	1.0
xCoEDfL9	1	2	10	149		0.0000	0.0000	nan	1.0
xCoEDfL9	1	2	10	150		0.0000	0.0000	nan	1.0
xCoEDfL9	1	2	10	151		0.0000	0.0000	nan	1.0
xCoEDfL9	1	2	10	152		0.0000	0.0000	nan	1.0
xCoEDfL9	1	2	10	153		0.0000	0.0000	nan	1.0
xCoEDfL9	1	2	10	154		0.0000	0.0000	nan	1.0
xCoEDfL9	1	2	10	155		0.0000	0.0000	nan	1.0
xCoEDfL9	1	2	10	156		0.0000	0.0000	nan	1.0
xCoEDfL9	1	2	10	157		0.0000	0.0000	nan	1.0
xCoEDfL9	1	2	10	158		0.0000	0.0000	nan	1.0
xCoEDfL9	1	2	10	159		0.0000	0.0000	nan	1.0
xCoEDfL9	1	2	10	160		0.0000	0.0000	nan	1.0
xCoEDfL9	1	2	10	161		0.0000	0.0000	nan	1.0
xCoEDfL9	1	2	10	162		0.0000	0.0000	nan	1.0
xCoEDfL9	1	2	10	163		0.0000	0.0000	nan	1.0
xCoEDfL9	1	2	10	164		0.0000	0.0000	nan	1.0
xCoEDfL9	1	2	10	165		0.0000	0.0000	nan	1.0
xCoEDfL9	1	2	10	166		0.0000	0.0000	nan	1.0
xCoEDfL9	1	2	10	167		0.0000	0.0000	nan	1.0
xCoEDfL9	1	2	10	168		0.0000	0.0000	nan	1.0
xCoEDfL9	1	2	10	169		0.0000	0.0000	nan	1.0
xCoEDfL9	1	2	10	170		0.0000	0.0000	nan	1.0
xCoEDfL9	1	2	10	171		0.0000	0.0000	nan	1.0
xCoEDfL9	1	2	10	172		0.0000	0.0000	nan	1.0
xCoEDfL9	1	2	10	173		0.0000	0.0000	nan	1.0
xCoEDfL9	1	2	10	174		0.0000	0.0000	nan	1.0
xCoEDfL9	1	2	10	175		0.0000	0.0000	nan	1.0
xCoEDfL9	1	2	10	176		0.0000	0.0000	nan	1.0
xCoEDfL9	1	2	10	177		0.0000	0.0000	nan	1.0
xCoEDfL9	1	2	10	178		0.0000	0.0000	nan	1.0
xCoEDfL9	1	2	10	179		0.0000	0.0000	nan	1.0
xCoEDfL9	1	2	10	180		0.0000	0.0000	nan	1.0
xCoEDfL9	1	2	10	181		0.0000	0.0000	nan	1.0
xCoEDfL9	1	2	10	182		0.0000	0.0000	nan	1.0
xCoEDfL9	1	2	10	183		0.0000	0.0000	nan	1.0
xCoEDfL9	1	2	10	184		0.0000	0.0000	nan	1.0
xCoEDfL9	1	2	10	185		0.0000	0.0000	nan	1.0
xCoEDfL9	1	2	10	186		0.0000	0.0000	nan	1.0
xCoEDfL9	1	2	10	187		0.0000	0.0000	nan	1.0
xCoEDfL9	1	2	10	188		0.0000	0.0000	nan	1.0
xCoEDfL9	1	2	10	189		0.0000	0.0000	nan	1.0
xCoEDfL9	1	2	10	190		0.0000	0.0000	nan	1.0
xCoEDfL9	1	2	10	191		0.0000	0.0000	nan	1.0
xCoEDfL9	1	2	10	192		0.0000	0.0000	nan	1.0
xCoEDfL9	1	2	10	193		0.0000	0.0000	nan	1.0
xCoEDfL9	1	2	10	194		0.0000	0.0000	nan	1.0
xCoEDfL9	1	2	10	195		0.0000	0.0000	nan	1.0
xCoEDfL9	1	2	10	196		0.0000	0.0000	nan	1.0
xCoEDfL9	1	2	10	197		0.0000	0.0000	nan	1.0
xCoEDfL9	1	2	10	198		0.0000	0.0000	nan	1.0
xCoEDfL9	1	2	10	199		0.0000	0.0000	nan	1.0
xCoEDfL9	1	2	10	200		0.0000	0.0000	nan	1.0
xCoEDfL9	1	2	10	201		0.0000	0.0000	nan	1.0
xCoEDfL9	1	2	10	202		0.0000	0.0000	nan	1.0
xCoEDfL9	1	2	10	203		0.0000	0.0000	nan	1.0
xCoEDfL9	1	2	10	204		0.0000	0.0000	nan	1.0
xCoEDfL9	1	2	10	205		0.0000	0.0000	nan	1.0
xCoEDfL9	1	2	10	206		0.0000	0.0000	nan	1.0
xCoEDfL9	1	2	10	207		0.0000	0.0000	nan	1.0
xCoEDfL9	1	2	10	208		0.0000	0.0000	nan	1.0
xCoEDfL9	1	2	10	209		0.0000	0.0000	nan	1.0
xCoEDfL9	1	2	10	210		0.0000	0.0000	nan	1.0
xCoEDfL9	1	2	10	211		0.0000	0.0000	nan	1.0
xCoEDfL9	1	2	10	212		0.0000	0.0000	nan	1.0
xCoEDfL9	1	2	10	213		0.0000	0.0000	nan	1.0
xCoEDfL9	1	2	10	214		0.0000	0.0000	nan	1.0
xCoEDfL9	1	2	10	215		0.0000	0.0000	nan	1.0
xCoEDfL9	1	2	10	216		0.0000	0.0000	nan	1.0
xCoEDfL9	1	2	10	217		0.0000	0.0000	nan	1.0
xCoEDfL9	1	2	10	218		0.0000	0.0000	nan	1.0
xCoEDfL9	1	2	10	219		0.0000	0.0000	nan	1.0
xCoEDfL9	1	2	10	220		0.0000	0.0000	nan	1.0
xCoEDfL9	1	2	10	221		0.0000	0.0000	nan	1.0
xCoEDfL9	1	2	10	222		0.0000	0.0000	nan	1.0
xCoEDfL9	1	2	10	223		0.0000	0.0000	nan	1.0
xCoEDfL9	1	2	10	224		0.0000	0.0000	nan	1.0
xCoEDfL9	1	2	10	225		0.0000	0.0000	nan	1.0
xCoEDfL9	1	2	10	226		0.0000	0.0000	nan	1.0
xCoEDfL9	1	2	10	227		0.0000	0.0000	nan	1.0
xCoEDfL9	1	2	10	228		0.0000	0.0000	nan	1.0
xCoEDfL9	1	2	10	229		0.0000	0.0000	nan	1.0
xCoEDfL9	1	2	10	230		0.0000	0.0000	nan	1.0
xCoEDfL9	1	2	10	231		0.0000	0.0000	nan	1.0
xCoEDfL9	1	2	10	232		0.0000	0.0000	nan	1.0
xCoEDfL9	1	2	10	233		0.0000	0.0000	nan	1.0
xCoEDfL9	1	2	10	234		0.0000	0.0000	nan	1.0
xCoEDfL9	1	2	10	235		0.0000	0.0000	nan	1.0
xCoEDfL9	1	2	10	236		0.0000	0.0000	nan	1.0
xCoEDfL9	1	2	10	237		0.0000	0.0000	nan	1.0
xCoEDfL9	1	2	10	238		0.0000	0.0000	nan	1.0
xCoEDfL9	1	2	10	239		0.0000	0.0000	nan	1.0
xCoEDfL9	1	2	10	240		0.0000	0.0000	nan	1.0
xCoEDfL9	1	2	10	241		0.0000	0.0000	nan	1.0
